# BEGIN HISTO1D /REF/CMS_2017_PAS_FSQ_16_008/d01-x01-y01
IsRef=1
Path=/REF/CMS_2017_PAS_FSQ_16_008/d01-x01-y01
Title=
# xlow   xhigh   val     errminus        errplus                           
0.00E+000	5.00E+000	0.902	0.0492657	0.0492657
5.00E+000	1.00E+001	0.936	0.0514778	0.0514778
1.00E+001	1.50E+001	0.973	0.0544716	0.0544716
1.50E+001	2.00E+001	1	0.0577082	0.0577082
2.00E+001	2.50E+001	1.02	0.0597517	0.0597517
2.50E+001	3.00E+001	1.03	0.0593146	0.0593146
3.00E+001	3.50E+001	1.05	0.0621682	0.0621682
3.50E+001	4.00E+001	1.06	0.0638634	0.0638634
4.00E+001	4.50E+001	1.07	0.0609302	0.0609302
4.50E+001	5.00E+001	1.06	0.062234	0.062234
5.00E+001	5.50E+001	1.1	0.0607284	0.0607284
5.50E+001	6.00E+001	1.11	0.0689932	0.0689932
6.00E+001	6.50E+001	1.1	0.06679		0.06679
6.50E+001	7.00E+001	1.13	0.0657633	0.0657633
7.00E+001	8.00E+001	1.11	0.0644376	0.0644376
8.00E+001	9.00E+001	1.11	0.0625349	0.0625349
9.00E+001	1.00E+002	1.13	0.06494343	0.06494343
# END HISTO1D

# BEGIN HISTO1D /REF/CMS_2017_PAS_FSQ_16_008/d02-x01-y01
IsRef=1
Path=/REF/CMS_2017_PAS_FSQ_16_008/d02-x01-y01
Title=
# xlow   xhigh   val     errminus        errplus                 
0.00E+000	5.00E+000	0.915	0.0507962	0.0507962
5.00E+000	1.00E+001	0.977	0.0534671	0.0534671
1.00E+001	1.50E+001	1.03	0.0578189	0.0578189
1.50E+001	2.00E+001	1.07	0.059401	0.059401
2.00E+001	2.50E+001	1.1	0.0644745	0.0644745
2.50E+001	3.00E+001	1.11	0.0640369	0.0640369
3.00E+001	3.50E+001	1.14	0.0667643	0.0667643
3.50E+001	4.00E+001	1.17	0.0719625	0.0719625
4.00E+001	4.50E+001	1.17	0.0689445	0.0689445
4.50E+001	5.00E+001	1.19	0.0751434	0.0751434
5.00E+001	5.50E+001	1.22	0.0715994	0.0715994
5.50E+001	6.00E+001	1.21	0.0722414	0.0722414
6.00E+001	6.50E+001	1.23	0.0751215	0.0751215
6.50E+001	7.00E+001	1.24	0.0750444	0.0750444
7.00E+001	8.00E+001	1.25	0.078245	0.078245
8.00E+001	9.00E+001	1.27	0.0710529	0.0710529
9.00E+001	1.00E+002	1.27	0.070368	0.070368
# END HISTO1D

# BEGIN HISTO1D /REF/CMS_2017_PAS_FSQ_16_008/d03-x01-y01
IsRef=1
Path=/REF/CMS_2017_PAS_FSQ_16_008/d03-x01-y01
Title=
# xlow   xhigh   val     errminus        errplus           
0.00E+000	5.00E+000	0.97	0.0507225	0.0507225
5.00E+000	1.00E+001	1.1	0.0577342	0.0577342
1.00E+001	1.50E+001	1.25	0.0657281	0.0657281
1.50E+001	2.00E+001	1.37	0.0729222	0.0729222
2.00E+001	2.50E+001	1.47	0.0765055	0.0765055
2.50E+001	3.00E+001	1.54	0.0783858	0.0783858
3.00E+001	3.50E+001	1.63	0.0827775	0.0827775
3.50E+001	4.00E+001	1.7	0.0879074	0.0879074
4.00E+001	4.50E+001	1.75	0.0874878	0.0874878
4.50E+001	5.00E+001	1.81	0.0920659	0.0920659
5.00E+001	5.50E+001	1.87	0.0921353	0.0921353
5.50E+001	6.00E+001	1.89	0.0942141	0.0942141
6.00E+001	6.50E+001	1.96	0.101371	0.101371
6.50E+001	7.00E+001	2.01	0.0993455	0.0993455
7.00E+001	8.00E+001	2.06	0.103809	0.103809
8.00E+001	9.00E+001	2.16	0.105114	0.105114
9.00E+001	1.00E+002	2.23	0.106858	0.106858
# END HISTO1D

# BEGIN HISTO1D /REF/CMS_2017_PAS_FSQ_16_008/d04-x01-y01
IsRef=1
Path=/REF/CMS_2017_PAS_FSQ_16_008/d04-x01-y01
Title=
# xlow   xhigh   val     errminus        errplus  
0.00E+000	5.00E+000	0.989	0.0572795	0.0572795
5.00E+000	1.00E+001	1.05	0.0627219	0.0627219
1.00E+001	1.50E+001	1.11	0.0670545	0.0670545
1.50E+001	2.00E+001	1.17	0.0746132	0.0746132
2.00E+001	2.50E+001	1.21	0.0824444	0.0824444
2.50E+001	3.00E+001	1.24	0.0819122	0.0819122
3.00E+001	3.50E+001	1.3	0.0901186	0.0901186
3.50E+001	4.00E+001	1.34	0.0978224	0.0978224
4.00E+001	4.50E+001	1.37	0.0962537	0.0962537
4.50E+001	5.00E+001	1.38	0.0944274	0.0944274
5.00E+001	5.50E+001	1.43	0.0965321	0.0965321
5.50E+001	6.00E+001	1.48	0.112974	0.112974
6.00E+001	6.50E+001	1.49	0.111579	0.111579
6.50E+001	7.00E+001	1.51	0.102618	0.102618
7.00E+001	8.00E+001	1.52	0.105978	0.105978
8.00E+001	9.00E+001	1.56	0.108369	0.108369
9.00E+001	1.00E+002	1.59	0.111409	0.111409
# END HISTO1D

# BEGIN HISTO1D /REF/CMS_2017_PAS_FSQ_16_008/d05-x01-y01
IsRef=1
Path=/REF/CMS_2017_PAS_FSQ_16_008/d05-x01-y01
Title=
# xlow   xhigh   val     errminus        errplus
0.00E+000	5.00E+000	1	0.0581488	0.0581488
5.00E+000	1.00E+001	1.11	0.0648201	0.0648201
1.00E+001	1.50E+001	1.21	0.0738379	0.0738379
1.50E+001	2.00E+001	1.29	0.0827689	0.0827689
2.00E+001	2.50E+001	1.36	0.0893606	0.0893606
2.50E+001	3.00E+001	1.42	0.0892159	0.0892159
3.00E+001	3.50E+001	1.5	0.0972544	0.0972544
3.50E+001	4.00E+001	1.58	0.119778	0.119778
4.00E+001	4.50E+001	1.6	0.103786	0.103786
4.50E+001	5.00E+001	1.65	0.111825	0.111825
5.00E+001	5.50E+001	1.78	0.109753	0.109753
5.50E+001	6.00E+001	1.75	0.125707	0.125707
6.00E+001	6.50E+001	1.83	0.131261	0.131261
6.50E+001	7.00E+001	1.86	0.129442	0.129442
7.00E+001	8.00E+001	1.94	0.130858	0.130858
8.00E+001	9.00E+001	2.01	0.154535	0.154535
9.00E+001	1.00E+002	2.03	0.108446	0.108446
# END HISTO1D

# BEGIN HISTO1D /REF/CMS_2017_PAS_FSQ_16_008/d06-x01-y01
IsRef=1
Path=/REF/CMS_2017_PAS_FSQ_16_008/d06-x01-y01
Title=
# xlow   xhigh   val     errminus        errplus       
0.00E+000	5.00E+000	1.08	0.0594314	0.0594314
5.00E+000	1.00E+001	1.3	0.0723104	0.0723104
1.00E+001	1.50E+001	1.58	0.0886344	0.0886344
1.50E+001	2.00E+001	1.89	0.107772	0.107772
2.00E+001	2.50E+001	2.19	0.121628	0.121628
2.50E+001	3.00E+001	2.5	0.136686	0.136686
3.00E+001	3.50E+001	2.84	0.147941	0.147941
3.50E+001	4.00E+001	3.15	0.169412	0.169412
4.00E+001	4.50E+001	3.46	0.175481	0.175481
4.50E+001	5.00E+001	3.77	0.19154		0.19154
5.00E+001	5.50E+001	4.08	0.201123	0.201123
5.50E+001	6.00E+001	4.42	0.222458	0.222458
6.00E+001	6.50E+001	4.69	0.233018	0.233018
6.50E+001	7.00E+001	5.03	0.23778		0.23778
7.00E+001	8.00E+001	5.51	0.276498	0.276498
8.00E+001	9.00E+001	6.16	0.290037	0.290037
9.00E+001	1.00E+002	6.8	0.330648	0.330648
# END HISTO1D



